version https://git-lfs.github.com/spec/v1
oid sha256:b6cb57a724eb3e2aee0f1fd819c77067370d53a8dbb48c667dc5f329856372a3
size 11970
