version https://git-lfs.github.com/spec/v1
oid sha256:a571dcdc79ed58125a9d41d7f4caa760fdade4ec62e5ef3fc7dc70e855fa84a2
size 437
